37.56399232488992 -6.002762736955408 66.69452667236328
37.56342474674445 -6.00475133058687 59.94318389892578
37.56307650946646 -6.005956632441254 59.35587692260742
37.56255177582312 -6.007781602090084 60.99167251586914
37.56400734128004 -6.00293174967107 66.30992889404297
37.56467955975805 -6.003287753612686 65.15184783935547
37.56531586932007 -6.003619955740692 64.13184356689453
37.56586958735109 -6.003912883550381 65.08751678466797
37.56662595281396 -6.004317888382323 67.96099853515625
37.56399328523422 -6.002075114721215 68.13417053222656
37.5639982436708 -6.001172105026336 70.75932312011719
37.56400365259915 -6.000286444464127 72.49180603027344
37.56400964224622 -5.999387786327881 73.62924194335938
37.56430452958517 -6.003577838125357 64.45598602294922
37.56422041561731 -6.003537215785535 64.62303924560547
37.56349796698531 -6.00313739326893 65.36515808105469
37.564003804467 -6.003676484441573 65.36515808105469
