latitude,longitude,elevation                                id      connections     Expected height     x,y,z (with respect to Carpa, the origin)
37.56399232488992,-6.002762736955408,66.69452667236328      1       2, 5, 10        15                  80.7665,1.30242,1.32937
37.56342474674445,-6.00475133058687,59.94318389892578       2       1, 3            15                  -92.9081,-67.2953,-5.42197
37.56307650946646,-6.005956632441254,59.35587692260742      3       2, 4            15                  -198.16,-109.34,-6.00928
37.56255177582312,-6.007781602090084,60.99167251586914      4       3               15                  -357.534,-172.716,-4.37349
37.56400734128004,-6.00293174967107,66.30992889404297       5       1, 6            15                  65.7817,2.49236,0.944771
37.56467955975805,-6.003287753612686,65.15184783935547      6       5, 7            15                  31.9492,76.0934,-0.21331
37.56531586932007,-6.003619955740692,64.13184356689453      7       6, 8            15                  0.347093,145.776,-1.23331
37.56586958735109,-6.003912883550381,65.08751678466797      8       7, 9            15                  -27.4924,206.404,-0.277641
37.56662595281396,-6.004317888382323,67.96099853515625      9       8               15                  -65.9503,289.206,2.59584
37.56399328523422,-6.002075114721215,68.13417053222656      10      1, 11           15                  141.512,3.34838,2.76901
37.5639982436708,-6.001172105026336,70.75932312011719       11      10, 12          15                  221.271,6.44622,5.39417
37.56400365259915,-6.000286444464127,72.49180603027344      12      11, 13          15                  299.497,9.54586,7.12665
37.56400964224622,-5.999387786327881,73.62924194335938      13      12              15                  378.85,9.2912,8.26408
37.56430452958517,-6.003577838125357,64.45598602294922      UAV 1                   0                   7.6499,33.6535,-0.909172
37.56422041561731,-6.003537215785535,64.62303924560547      UAV 2                   0                   11.5366,24.4328,-0.742119
37.56349796698531,-6.00313739326893,65.36515808105469       UAV 3                   0                   49.4183,-54.6195,0
37.564003804467,-6.003676484441573,65.36515808105469        Carpa                   0                   0,0,0
